-4.109430
-1.744483
-0.834286
-0.996261
-1.105758
-2.068199
-4.280416
-8.140064
-13.646791
-13.622041
-6.682714
-1.411907
1.031206
2.244729
3.751343
6.169796
9.690617
12.439119
10.550358
5.890084
2.784897
1.592754
1.668752
2.526204
4.136916
7.573163
11.855993
13.035093
8.176071
3.079118
0.738720
-0.154729
-0.644347
-1.446397
-2.368178
-4.680553
-8.808888
-14.134561
-13.034421
-6.082257
-0.947909
1.218433
2.477997
4.133513
6.687594
10.456770
12.541144
9.817921
5.518627
2.650653
1.928937
2.379702
3.382233
5.242986
9.033829
13.280407
12.479297
7.088014
2.547166
0.646152
-0.055598
-0.354619
-0.717578
-1.383503
-2.805731
-5.795628
-11.276587
-15.453789
-10.280123
-3.291309
0.239306
2.026657
3.929452
6.422933
9.430601
11.527191
9.995040
6.343449
3.799704
2.951055
3.194383
4.584316
7.112112
10.810862
12.043840
8.772633
4.748323
2.646185
2.363105
3.057710
4.197576
7.053961
11.041739
12.943104
9.108338
4.255956
1.045815
0.138804
-0.285428
0.138803
1.390578
3.883942
8.029368
13.163030
13.469408
6.655557
1.466239
-0.859291
-2.071594
-3.433159
-5.837377
-9.202125
-12.291833
-10.488331
-5.914942
-2.898086
-1.810215
-1.598899
-2.358749
-4.124769
-7.248712
-11.804802
-12.982353
-7.590852
-2.231731
-0.105663
0.499729
0.865907
1.729948
2.769627
4.820799
9.279020
14.136884
12.225322
5.265827
0.803366
-0.913911
-2.047681
-3.467380
-6.282334
-10.163995
-12.353573
-9.655603
-4.902960
-1.874937
-0.588087
-1.016430
-2.133661
-4.184913
-7.792554
-12.413044
-12.890234
-7.590938
-2.667321
-0.495953
0.320515
0.704667
1.586559
3.185609
6.221403
11.312655
14.464093
9.868222
3.388965
-0.076765
-1.671865
-2.604122
-4.234748
-7.311471
-11.121828
-12.833770
-9.143991
-4.493659
-1.960818
-1.595698
-1.415681
-1.998175
-3.114718
-5.567314
-10.186276
-14.409985
-11.162039
-4.501098
-0.301782
1.341818
2.379630
3.665774
5.915165
9.881739
12.933157
10.373189
5.407343
2.191983
1.413472
0.939568
1.126519
1.761366
3.208196
6.476431
11.571637
14.445949
8.842976
2.632658
-0.567450
-1.972294
-3.129016
-5.297331
-8.226871
-11.635063
-11.348229
-7.251233
-3.623155
-1.777386
-1.588858
-2.178644
-3.749074
-6.666888
-11.137588
-13.397876
-8.987989
-3.974009
-0.997378
0.096940
0.533010
0.640786
1.647190
2.903411
5.414399
10.130035
15.314216
12.885168
5.498451
1.332108
-1.004578
-2.624950
-4.648852
-7.282426
-10.454403
-10.511555
-7.057131
-3.857816
-2.362947
-2.401499
-3.145392
-5.524377
-8.679264
-11.946937
-10.698772
-6.297916
-3.130638
-1.942674
-1.852345
-2.876946
-5.468241
-8.480790
-12.611704
-12.653484
-7.580276
-3.042180
-1.035027
-0.313282
-0.140489
-0.178175
0.142728
0.688920
1.161401
2.880563
7.325468
14.114513
14.245168
5.750882
-0.520238
-3.272313
-4.985539
-6.952813
-9.190885
-11.142656
-10.503803
-7.909191
-5.572053
-4.719963
-4.815957
-6.310458
-8.887158
-11.018137
-11.164558
-8.342138
-6.124440
-5.049513
-4.811131
-6.031268
-8.137099
-11.149340
-12.381232
-9.642898
-6.025105
-3.786083
-3.514647
-4.461804
-6.256312
-9.193948
-11.984698
-10.804070
-6.945136
-4.049745
-3.203845
-3.555165
-4.682624
-6.772323
-10.513393
-13.354706
-11.089207
-6.057364
-3.299445
-1.897875
-1.703830
-2.647070
-4.366203
-7.568798
-12.041170
-13.352830
-8.367188
-3.106839
-0.614148
0.293520
0.806811
1.442960
2.728030
5.476924
10.233639
14.359496
11.051262
4.378026
0.401414
-1.308429
-2.382414
-4.068465
-6.738844
-10.686995
-12.793221
-9.626952
-4.893022
-2.167722
-1.432540
-1.680626
-2.444589
-3.574600
-6.876819
-10.843800
-14.220784
-10.208273
-3.983522
-0.599912
0.840040
1.743593
2.903872
5.289393
9.273162
13.133064
11.715657
6.139569
2.148987
0.358502
-0.098916
-0.398502
-0.616281
-1.205461
-2.363148
-5.190788
-10.215322
-15.371848
-11.487669
-3.746060
0.668191
2.432832
4.017376
5.947325
8.712390
10.983222
9.545321
6.371886
4.056448
3.200456
3.570640
5.051616
7.739751
10.963253
11.736416
8.481161
5.118334
3.086398
3.000067
3.616880
5.396018
8.571875
12.099588
11.941792
7.786296
3.807131
2.150300
1.937788
2.582072
3.822783
7.161700
11.463309
14.631221
12.307194
5.828790
1.848507
0.058867
-0.520307
-1.185612
-2.424316
-4.503826
-8.520471
-13.592981
-13.184382
-7.167444
-2.063111
-0.121861
1.099327
2.818560
4.892795
8.716897
11.925090
10.718855
5.224786
1.516233
-0.096493
-0.381565
-0.116169
0.345984
1.976113
5.189102
9.679816
13.595558
8.949683
2.431338
-1.108706
-3.015994
-3.683900
-5.246213
-8.202494
-11.862350
-12.734768
-8.893879
-4.770942
-2.286222
-1.774940
-2.190961
-3.227094
-5.578882
-9.370376
-13.949294
-12.885204
-6.499110
-2.143545
-0.240606
0.481763
1.220759
2.115294
3.938230
7.885951
12.574446
12.139124
6.073490
0.622950
-1.983114
-3.254079
-4.019341
-6.440157
-9.387341
-12.757877
-12.985596
-7.973052
-3.539076
-1.565642
-1.087102
-0.750910
-0.785646
-1.455422
-2.677752
-5.831131
-11.294129
-15.187762
-10.027300
-2.853759
0.917141
2.620210
4.015586
6.205975
9.445294
11.549988
10.114586
6.067878
3.074122
2.262785
2.324327
3.442160
5.962704
9.932260
11.827380
9.386119
4.990086
2.234681
1.033014
1.103901
2.002154
4.006776
8.405643
12.592551
11.281367
6.195057
2.056758
0.257172
-0.266888
-0.437484
-0.588718
-1.189805
-2.440694
-5.020314
-9.949848
-15.234572
-11.910038
-4.172233
0.278722
2.486186
4.144882
6.345218
9.420113
11.476589
10.253893
6.897962
4.080993
3.059068
3.347797
4.756948
7.433659
10.746264
11.760328
8.776672
5.057225
2.934950
2.407977
2.851685
4.445754
7.689974
11.438986
12.092496
7.834578
3.874422
1.981446
1.500450
1.538138
2.931510
4.923784
9.291845
13.526362
11.337794
5.469711
1.605722
-0.037467
-0.651183
-1.256127
-2.147063
-4.207420
-8.004186
-13.042188
-13.155344
-6.573632
-1.481102
0.829257
1.896219
2.790081
5.075705
8.589065
12.222915
11.690171
6.950120
2.874265
1.266689
0.793132
1.135090
1.974506
3.541568
6.784147
11.890699
14.291102
8.924061
2.883812
-0.112080
-0.879036
-2.460370
-3.704427
-7.277150
-11.062496
-12.169514
-7.994243
-3.377266
-1.259453
-0.958054
-0.803538
-1.259252
-2.841145
-5.557432
-9.691870
-13.951056
-10.335590
-3.812992
0.335579
1.705026
2.531362
3.904176
7.025082
10.850202
13.302144
10.374483
5.252479
2.226705
1.067736
0.919331
1.082353
2.326412
4.511924
9.007322
13.869939
12.443528
5.797237
1.136623
-1.004835
-2.108281
-3.514950
-5.612785
-9.391841
-12.934326
-11.340820
-6.613452
-2.679679
-1.139223
-0.552220
-0.702848
-1.766893
-3.263562
-6.541143
-11.233548
-13.505489
-7.835599
-2.116072
0.576027
1.847641
2.986245
5.039460
8.294428
11.928919
12.085903
7.581521
3.146255
1.449276
1.004464
1.315537
2.082754
4.068271
7.562254
12.637581
13.576901
7.943492
2.665830
0.300657
-1.118645
-2.179066
-3.821809
-6.712530
-11.045001
-13.310582
-9.393616
-4.083493
-1.334059
-0.367246
-0.027159
-0.090403
0.824351
1.176766
2.250574
5.128027
10.404233
15.748719
12.085731
3.708409
-0.736302
-2.555551
-4.331792
-6.525081
-9.324197
-11.109922
-9.744729
-6.432276
-4.259561
-3.351664
-4.069805
-5.610833
-8.445372
-11.233580
-11.114705
-7.649694
-5.098971
-3.231501
-3.006868
-4.338872
-6.600742
-9.836616
-11.564034
-8.772915
-4.815890
-1.982338
-1.242855
-2.171192
-3.536552
-6.159600
-10.242466
-12.407937
-9.538389
-4.907178
-2.219510
-1.465884
-1.414447
-2.396431
-4.260609
-7.593431
-11.990584
-14.063561
-9.159112
-3.639634
-0.833074
0.261200
1.030909
2.099714
4.325154
8.395935
12.284098
11.716862
5.800125
1.316764
-0.818070
-1.542380
-2.121885
-3.271230
-5.336907
-8.820747
-13.797541
-13.579528
-7.217299
-2.515036
-0.210301
0.360690
1.897644
3.483934
6.499890
10.418237
11.898757
7.609491
2.683543
0.320291
-0.485964
-0.305391
-0.480317
-0.420764
-0.693573
-1.043859
-2.247807
-4.836574
-10.238595
-16.025650
-12.122399
-3.321955
1.479645
3.772354
5.410365
7.395452
9.484490
10.426214
8.866925
6.380471
4.949787
4.517438
5.343257
7.084164
9.251400
10.696895
9.162790
6.375636
4.385462
3.634938
4.457336
6.637909
9.010893
10.700084
9.541079
6.714609
4.491054
3.768044
4.456669
5.875988
8.505831
11.112872
10.800067
7.567911
4.702655
3.550282
3.645526
5.116412
7.473372
10.696425
12.625342
10.172206
6.414763
4.176003
3.188712
3.433408
5.505103
7.812694
11.293542
12.335232
8.567342
4.275187
1.979959
1.293550
1.689730
3.057341
5.414939
9.553080
13.364851
11.376366
5.612055
1.748912
-0.221383
-0.660004
-0.904898
-1.535481
-2.926416
-5.840438
-10.888930
-15.005608
-11.137268
-3.991416
0.123277
1.927315
3.131487
4.994659
7.961586
11.473502
11.730178
7.954154
4.152673
2.329588
2.017886
2.572691
3.768781
6.727217
11.113444
12.726156
8.673616
3.819104
1.294957
0.389398
0.542497
1.142411
1.425246
2.517330
4.881477
9.749974
14.577696
11.697508
4.155563
-0.370246
-2.582421
-4.000773
-6.284642
-9.199031
-11.675626
-11.132025
-7.699373
-4.738220
-3.045269
-3.038969
-4.411436
-6.450904
-10.406412
-12.583994
-10.668027
-6.351062
-3.342220
-1.971613
-2.043235
-2.872655
-4.577147
-8.402409
-12.591650
-11.975703
-6.705096
-2.663795
-0.808604
-0.204658
-0.000458
-0.224480
-0.388219
-0.740611
-1.759226
-3.799509
-8.061039
-14.648746
-14.552383
-5.913485
0.207295
2.771028
4.358939
6.361481
8.519118
10.401765
9.818059
7.212776
5.211879
4.283682
4.754100
6.254218
8.562306
10.710165
10.381863
7.728570
5.116614
3.847679
4.063500
5.449142
7.910160
10.546958
11.174825
8.592569
5.612589
3.862372
3.607786
4.610730
6.444193
9.708325
11.908870
10.428140
6.693181
4.009342
2.784656
3.032422
4.455158
6.953554
10.556703
12.221587
9.034971
4.922491
2.510787
1.669407
2.125291
3.251923
5.518810
9.006214
12.481325
10.680892
4.893511
1.218780
-0.459232
-0.254445
-0.169728
-0.162942
-0.321911
-0.897554
-1.726188
-3.669685
-7.441065
-13.787583
-16.245088
-8.093856
-1.091932
2.380436
4.360313
6.134212
8.469882
10.324166
9.920950
7.554648
5.394873
4.641271
4.997963
6.400172
8.368199
10.381035
10.108940
7.512341
5.318904
4.130908
4.288248
5.666927
8.035424
10.540732
10.864444
8.510110
5.905550
4.054894
3.902512
5.054004
7.137427
10.359580
11.678381
9.706407
6.207543
3.888503
3.296167
3.783523
5.632630
8.506934
11.518533
11.196879
7.511082
4.251031
2.861842
2.707039
3.707868
5.886261
9.629684
12.569464
11.140481
6.470210
3.104652
1.763509
1.731719
2.603611
4.314043
7.024282
11.571319
13.732537
9.339424
4.191537
1.331360
0.209583
-0.370268
-0.875047
-1.854074
-4.013640
-8.173231
-13.490352
-11.882342
-5.373903
-0.644726
1.208379
2.335212
3.810780
6.063301
9.701179
11.898968
9.800976
5.249250
2.252055
1.114190
1.001941
1.370023
3.253420
6.722783
11.504394
13.671111
8.940609
3.457656
0.647464
-0.409704
-1.105062
-1.602595
-3.177441
-6.052711
-10.881328
-13.412241
-8.512176
-2.730037
-0.147996
1.294944
2.582184
3.740717
6.727074
10.639460
13.784211
10.813117
5.246897
1.896492
1.119036
0.494579
0.454423
0.101134
-0.721420
-1.672585
-4.572501
-9.786321
-15.204003
-11.466828
-3.484400
0.931744
3.011200
4.478846
6.546670
9.347624
11.252837
9.760171
6.418737
3.683137
3.057909
3.319845
5.263150
8.146272
11.050059
11.248116
7.879659
4.588560
3.221274
2.928736
3.852131
5.945596
9.039457
12.107245
10.659170
5.903747
2.516430
1.354538
1.235020
2.484193
4.743395
8.130908
11.958953
11.600828
6.751022
2.528635
0.803319
-0.178696
-0.143427
-0.303288
-0.268933
0.783820
3.678209
8.352598
14.355437
12.857155
4.922776
-0.263920
-2.604542
-4.101014
-5.896906
-8.894911
-11.617970
-10.960021
-8.165514
-4.944922
-3.403180
-3.857194
-5.237903
-7.304025
-10.290757
-11.868473
-9.347185
-5.650654
-3.481937
-2.619759
-3.326649
-4.740651
-7.439742
-11.208654
-12.208501
-8.404319
-4.210924
-2.244817
-1.773012
-2.094661
-3.090074
-5.538765
-9.653325
-13.363029
-11.111254
-5.551357
-1.987024
-0.574542
-0.062963
0.262453
0.984152
2.320790
5.031186
9.857685
14.499187
11.011400
3.735649
-0.644406
-2.654650
-3.979589
-5.653096
-8.646182
-11.501185
-11.739749
-7.947728
-4.175814
-2.352214
-2.171064
-2.676928
-4.471166
-7.414600
-10.825357
-11.595906
-7.346457
-3.437508
-1.155857
-0.651906
-0.958598
-1.363654
-2.787417
-5.618509
-10.198581
-14.551006
-11.664477
-4.773909
-0.540911
1.114350
2.139180
3.337383
6.258111
10.447839
12.721171
9.520619
4.913194
2.119726
1.067374
0.952345
1.513715
3.084694
6.469297
11.417918
13.790607
9.138986
3.387033
0.240009
-0.968169
-1.791622
-3.027038
-5.123895
-8.991266
-13.176886
-12.102137
-6.238786
-1.988529
-0.242219
0.484172
1.169447
1.862649
3.426553
6.762919
11.871036
15.105513
10.038809
3.451128
0.875231
-0.172755
-1.713202
-3.115779
-6.479351
-10.504683
-11.198380
-7.109724
-2.570641
-1.148748
-1.006383
-1.344759
-2.213939
-4.283844
-8.148689
-12.335141
-11.740457
-5.756470
-1.349128
0.523421
1.313080
2.182092
3.318559
5.607032
10.068199
13.902754
11.157139
4.959330
1.411551
0.253701
-0.345234
-1.657341
-3.078168
-6.254783
-10.804950
-13.828073
-9.738412
-3.626461
-0.593782
0.617178
1.206636
2.306829
4.269046
7.775173
12.469104
12.462139
6.703131
2.257382
0.189975
-0.484446
-1.349030
-1.909366
-3.677976
-7.104797
-12.125179
-13.945072
-8.283618
-2.556403
0.250289
1.447636
2.546779
4.447642
7.425573
11.416338
12.907726
8.745907
3.903049
1.510622
0.645301
0.584244
0.770378
1.482424
2.928322
5.693149
10.914978
15.338964
10.823040
3.483078
-0.520643
-2.251252
-3.768196
-5.522440
-8.557731
-10.782725
-9.890426
-5.729390
-2.983653
-1.781365
-1.958177
-3.233418
-5.760226
-9.612480
-12.436545
-10.426729
-5.890397
-2.796602
-1.348408
-1.362162
-2.103147
-3.437795
-6.586152
-10.604820
-12.609794
-8.262537
-3.076083
-0.251579
0.768203
1.208582
2.281091
3.334066
6.290717
11.203470
15.002770
11.373999
4.145283
0.308116
-1.217735
-2.199630
-3.829034
-6.306163
-10.411188
-13.064103
-10.376554
-5.156861
-2.421967
-1.216910
-0.936710
-1.524631
-2.356000
-4.731041
-8.911999
-13.791217
-12.981896
-6.224383
-1.338397
0.904899
2.368734
3.276852
5.479318
9.275014
12.813765
11.264384
6.402874
3.051784
1.505934
1.325795
2.115661
2.777867
4.781632
8.782356
13.889337
13.519331
7.168496
1.939881
-0.333837
-1.241331
-2.056775
-3.827601
-6.864628
-10.910525
-11.353340
-6.324562
-2.154737
0.016574
1.061650
1.001013
1.280948
0.993230
0.120116
-1.348976
-5.364673
-11.274069
-10.793570
-4.046886
1.128455
3.820316
5.109536
6.605302
9.040567
11.944326
11.473134
8.390343
4.834620
3.495654
3.635190
4.633444
6.979468
10.137994
11.894652
9.612387
5.640831
3.114195
2.429262
2.966129
4.262623
6.936888
10.698181
12.006937
8.645258
3.758309
1.114590
0.607701
0.896775
1.626870
3.250555
7.094684
12.245119
12.972854
7.701348
2.497432
0.056806
-0.853086
-1.415984
-2.649645
-4.826617
-8.724406
-13.441880
-13.312232
-7.209984
-2.047984
-0.031002
0.810058
1.560961
3.228584
6.326555
10.856154
13.580803
9.595510
4.255453
1.158577
0.057542
-0.189303
-0.615958
-1.358022
-3.418075
-6.763149
-12.270025
-13.625896
-7.433719
-1.666596
0.847264
2.504109
3.668640
5.847966
9.159470
12.074133
10.328207
5.845462
2.821637
1.342036
1.234211
2.276750
3.903727
7.584453
11.993205
13.088875
8.247469
3.207923
1.005251
0.189881
-0.145608
-0.376431
-0.817019
-1.866292
-4.165861
-8.888144
-14.779824
-13.367994
-5.359211
-0.059285
2.187937
3.146763
5.388726
7.847363
9.893451
9.051508
6.012820
2.943460
1.915551
1.895596
3.342722
5.515353
9.345504
11.412507
9.590783
5.672340
2.975330
2.258622
2.548155
3.924262
6.607874
10.471830
12.793625
9.828291
5.004841
2.246409
1.308281
1.211990
1.907559
3.154230
5.891977
10.875325
14.071496
10.030934
3.902030
0.580761
-0.781902
-1.636517
-2.767633
-5.028454
-8.957979
-13.023223
-12.061421
-6.321892
-2.095192
-0.038202
1.091592
1.251844
1.504919
2.709619
5.278948
9.839797
14.649484
11.765140
4.432951
0.200298
-1.753722
-3.133909
-4.719204
-7.625957
-11.118883
-12.150760
-8.568356
-4.502880
-2.200548
-1.818273
-2.395957
-3.860297
-6.606819
-10.694993
-13.116880
-9.584121
-4.292511
-1.043066
-0.268823
0.277477
0.449574
0.561983
-0.038102
-1.869607
-4.666885
-10.195602
-15.514625
-11.698660
-3.713508
0.790531
2.984401
4.594371
6.668318
9.381171
11.197080
9.763643
6.700481
4.545234
3.779132
4.138286
6.118512
8.727700
11.159910
11.000596
7.724034
4.574907
3.079624
2.847824
4.005305
6.069564
9.360978
11.777506
9.971948
5.792985
3.145638
2.198133
2.422147
3.590130
6.194708
10.062914
13.067013
10.965544
6.031673
2.763856
1.631437
1.121902
1.226469
2.144456
4.067219
7.853747
13.274837
14.019357
7.552444
1.866224
-0.650846
-1.894872
-2.944688
-5.182260
-8.688012
-12.507232
-12.423814
-7.313137
-3.382795
-1.709669
-1.188056
-1.381385
-2.337296
-4.186658
-8.043476
-13.013696
-13.429066
-7.130192
-2.147418
0.109565
1.131604
2.222050
3.610510
6.622479
11.314582
12.849739
8.631356
3.523811
0.177516
-0.104040
-0.093472
-0.124192
-0.186831
-0.203386
-0.396831
-1.245291
-2.212851
-4.767484
-9.942057
-16.434099
-13.392202
-4.476887
1.130272
3.770555
5.581016
7.512801
9.368066
10.009775
8.609522
6.506879
5.206465
5.006254
5.321482
6.984552
9.270375
9.669662
7.907742
4.537482
3.342390
3.519641
4.826963
6.880110
9.110746
9.923278
7.993611
5.434750
3.649546
3.623363
5.065144
6.812228
8.938083
10.165261
8.636100
6.030156
4.262372
3.964650
4.817320
6.800596
9.364468
11.037418
9.628722
6.533291
4.277223
3.132118
3.541224
5.602660
7.782971
10.317572
10.372214
7.045720
4.231555
2.650454
2.699486
3.665659
5.881980
9.362288
11.581097
8.896574
5.078074
2.836002
1.773863
1.792791
3.504654
6.312012
10.133674
11.791788
8.495161
4.361191
1.866016
1.184983
1.392039
2.442588
4.552973
8.420682
12.831101
12.678223
6.977765
2.313694
0.366404
-0.451272
-1.141296
-2.199597
-3.839184
-7.830052
-12.778693
-13.461467
-7.321510
-2.156147
0.224668
1.088522
1.962959
3.122351
6.481843
11.096089
12.529361
7.884736
3.453557
0.994146
-0.165360
-0.422799
-1.144137
-0.706304
0.277965
0.994980
2.162462
4.922358
10.406026
15.687994
10.736775
2.420856
-2.077046
-4.514470
-5.909727
-8.111176
-10.334530
-10.669742
-8.887193
-6.602688
-4.859399
-4.607335
-5.318637
-7.289205
-9.728125
-10.806442
-8.563260
-5.419113
-3.860190
-3.698278
-4.583789
-6.263937
-8.991385
-10.993857
-9.699523
-6.192341
-3.883445
-3.348909
-3.847406
-5.657048
-8.287359
-10.995334
-10.927923
-7.690183
-4.558387
-3.218158
-3.227328
-4.463610
-6.725582
-9.997284
-12.063026
-9.623796
-5.506744
-2.573143
-1.818017
-2.593830
-3.896601
-6.646211
-10.323688
-13.184456
-10.141966
-5.279925
-2.286282
-1.266935
-1.153467
-1.848289
-3.250922
-6.076413
-10.596296
-14.280637
-10.666150
-4.519657
-1.123679
0.497291
1.385142
2.718284
5.062676
8.816459
12.947371
12.035881
6.377342
2.154074
0.501427
0.009868
-0.456063
-1.014643
-1.793224
-3.214587
-6.477957
-11.944337
-15.571545
-9.769447
-2.731930
0.527019
2.277011
3.274718
5.851520
9.319634
11.590448
9.374951
5.738519
3.061953
2.067833
2.383058
4.246290
7.203763
10.560220
11.608544
8.357396
4.306726
2.482270
2.060820
2.557361
4.013520
6.865930
11.089642
13.102253
9.350627
4.221454
1.604908
0.648959
0.457180
0.848069
1.520708
2.893143
5.803780
11.286409
15.012527
10.326402
3.273973
-0.432681
-1.967561
-3.379995
-5.469348
-8.689281
-11.345737
-10.621405
-6.676162
-3.687975
-2.311774
-2.344126
-3.130921
-5.156249
-8.407097
-11.752379
-10.610939
-5.981341
-2.535206
-0.888516
-0.542104
-0.808979
-1.392639
-3.627406
-7.652690
-12.050375
-12.491014
-5.735881
-0.839542
1.374977
2.084733
2.911204
4.672392
8.091569
12.274795
13.279272
8.505121
4.148398
1.648070
0.999133
1.213694
1.305873
1.293196
1.509654
3.158020
6.749575
12.820220
15.319744
8.210809
1.308228
-1.942663
-3.736677
-5.843120
-7.803708
-10.382617
-11.035489
-8.539732
-5.496440
-3.701495
-3.440629
-4.367190
-5.912560
-9.404405
-11.798466
-10.328255
-6.423784
-3.778829
-2.924466
-3.753103
-5.200029
-7.670002
-10.877414
-12.082344
-8.859256
-4.508464
-2.383843
-1.794632
-2.170988
