0.972669
0.485089
1.845869
1.875863
-0.360367
3.722991
5.650209
6.991520
6.600548
5.756527
5.531106
3.370731
1.890011
-0.475311
-0.297101
-0.825352
0.267638
2.995655
2.641582
2.346235
4.388870
4.782539
4.497250
5.763918
5.874306
4.808595
3.914229
4.134366
1.913674
2.566012
3.006561
4.550047
3.201085
4.899749
9.286271
7.000612
2.734386
1.414176
1.516281
0.518789
-0.961312
-2.159740
-2.289329
-3.434052
-1.299155
1.580892
-0.457356
0.645086
-0.910159
-2.878758
-3.988792
-9.234993
-10.642560
-11.523016
-6.442330
-6.396523
-8.345737
-6.673973
-10.210048
-4.872876
-4.070059
-4.528146
-0.763801
0.248801
1.810475
-3.945824
-6.991341
-8.343248
-9.041471
-9.274225
-8.762589
-10.850398
-12.190240
-10.484771
-9.054021
-7.494407
-7.230692
-5.694073
-4.505549
-7.518610
-7.468121
-7.144504
-6.552674
-8.255887
-6.530558
-5.532612
-5.820450
-7.896907
-12.136193
-10.727637
-11.523976
-8.648105
-5.834838
-3.072185
-3.298206
-1.373442
-1.124729
-4.081560
-4.871460
-8.332243
-5.589750
-3.882409
-3.236399
-0.431737
0.401390
0.736623
1.229409
3.621771
5.914159
8.380104
6.403863
2.967465
2.466373
-0.502739
-2.988986
-1.205669
-2.200243
-2.646620
-5.739238
-5.763877
-3.970745
-1.444646
-0.695790
-2.868323
0.185550
0.307112
1.811183
1.756502
3.847125
4.202013
2.810669
0.859219
-1.623383
-3.351392
-2.535747
-0.983797
0.315758
-2.554824
-4.787408
-4.056096
-0.558242
0.002562
0.365731
-0.068765
0.729032
0.910483
2.537470
3.639483
5.163239
3.845849
4.551985
1.829174
-0.003829
-0.555454
-1.707201
-2.085548
-2.486349
-3.866923
-5.481525
-4.786352
-2.563399
-1.653113
-2.007660
-2.253199
-1.640449
0.545227
-2.680046
0.254121
-2.239331
-1.926711
-2.713722
-2.628315
-0.800092
-1.301201
-2.880426
-1.995717
0.526618
2.579553
5.016112
3.620867
-1.607033
-0.262288
-0.955639
-1.466161
-1.696291
-3.090329
-3.523542
-2.863812
0.817408
-0.391101
0.680297
-0.287914
-2.790561
-4.243860
-7.229134
-6.690313
-8.934574
-7.323000
-6.116608
-1.892438
-1.503818
-1.629455
-1.353582
0.229981
1.884936
3.666636
5.171040
4.110074
1.125163
-0.177277
0.178133
-0.163485
1.065693
0.373850
-3.425763
-4.876714
-5.682498
-3.379174
-4.015823
-0.650881
-0.570568
-0.137219
0.709856
0.594881
1.209301
1.670230
4.433114
8.260108
8.765393
5.357624
0.884660
-0.172048
0.175753
-1.942604
-1.730026
-3.533372
-4.244378
-3.557796
-2.343960
-1.508051
-0.761471
-1.781626
-3.382188
-4.910700
-4.991678
-3.288107
-2.193261
-2.417937
-3.270505
-2.143004
-2.309751
-3.138758
-4.340558
-3.335413
-2.506722
-1.716657
-2.112118
-3.436688
-4.087511
-6.510864
-4.549021
-5.966546
-5.489854
-2.701218
-1.080216
-0.960773
-2.375611
-3.348394
-3.330157
-5.583172
-8.283486
-9.325053
-5.611894
-4.618271
-3.194664
-4.145502
-1.781773
-0.525396
-1.655917
-2.225814
-4.614498
-6.049354
-5.046111
-0.866984
0.791937
2.224827
2.623691
3.297236
4.274038
4.716074
6.985856
6.284443
2.901813
2.010406
2.243347
1.759135
2.310045
5.219529
4.529190
5.734040
4.042800
2.298859
0.758887
0.426453
0.143379
-0.285572
-0.961789
-1.245436
0.891165
4.216777
4.312144
1.821780
-0.352200
-0.757958
-0.902711
-1.255403
-1.281410
-3.149174
-3.512655
-1.794419
-0.463693
-1.016954
-0.882643
-1.749326
-2.519864
-4.657296
-4.888791
-4.236517
-5.346422
-4.229267
-1.783740
-0.310173
-0.360942
-3.306955
-1.923649
-4.237875
-1.963643
0.946809
-0.641771
0.244442
-1.799970
-1.343777
-0.662750
-3.895996
-6.015481
-7.149317
-6.139946
-5.642158
-5.224544
-2.321606
-0.377634
0.781110
1.699299
1.647319
1.244409
1.733913
2.664486
3.273259
3.329711
1.788189
0.609176
0.259001
-0.206666
-0.194993
0.923757
-1.557127
-3.695634
-5.219424
-1.814324
0.267911
0.845613
0.908855
0.564489
0.657056
2.658857
3.691585
5.857680
7.372795
4.776701
2.158284
3.813598
5.702294
7.696048
7.426773
8.567468
6.553978
4.582510
3.084806
5.142300
3.219797
4.005213
3.129767
2.714855
2.320739
1.505527
-0.264945
-3.078467
-7.350240
-7.879654
-6.079747
-3.024518
-0.263620
-0.525607
-0.533415
1.917992
2.643033
1.418773
-0.534267
-2.103093
-4.207777
-2.449948
-1.744261
1.111066
2.987621
1.842308
2.642912
1.910442
0.978279
-1.476136
-0.104165
0.629972
0.290073
1.404364
1.219948
1.068852
-5.588302
-9.046393
-12.541556
-12.383537
-6.717115
-6.787110
-7.671808
-10.997192
-11.275490
-13.360213
-9.248232
-9.702764
-11.437196
-6.050782
-1.845885
-1.147300
-0.133930
-4.389653
-4.270506
-0.062499
3.693458
2.028981
2.065174
1.668315
1.167232
1.553365
1.829379
4.493379
3.630230
4.508879
3.277549
2.300191
2.640810
2.081778
2.712607
3.650860
4.038900
4.081997
2.737920
0.744041
-2.192839
-2.604730
-2.315682
-5.258778
-1.998475
-0.699607
-0.391926
0.577240
1.066800
0.135474
1.116761
-1.732093
-2.207947
-0.576662
1.332065
2.197404
0.548356
0.900635
0.361783
1.029659
2.601174
3.676829
4.820035
2.539161
1.456198
0.889523
0.801666
0.876868
1.619447
2.286761
3.848141
6.013302
4.998362
2.853682
3.401283
3.153513
0.766687
-0.013719
-0.958735
0.012038
-0.756621
-1.763439
-3.852274
-5.907693
-4.911333
-1.732906
-0.926525
-0.445484
-0.998972
-1.009024
-2.895849
2.402099
3.890294
2.774171
0.864467
-0.384500
-1.912039
-0.419327
0.616029
0.959286
1.468534
0.144006
-1.367604
-1.200977
-0.957803
-0.954716
1.989911
3.471556
4.932286
4.356733
2.145220
0.935903
0.667916
0.707070
0.604609
1.228241
1.376692
1.600779
2.701879
1.270175
-0.095753
0.427520
0.274471
1.130782
0.265928
1.024575
3.496275
5.676795
5.898742
4.628227
3.289768
1.095224
1.910809
0.007363
-1.793833
-3.344593
-4.984833
-5.244807
-3.076919
-0.826186
-0.175417
0.482627
0.388534
0.311138
1.158770
1.761070
3.390132
2.875197
6.029470
5.903681
6.145899
1.924043
0.885673
-0.818297
-2.026251
-5.367725
-7.497602
-10.415802
-6.644188
-5.315230
-3.507348
-2.043184
-2.242171
-2.462370
-2.070449
-3.335235
-4.080886
-2.943329
-1.912977
-2.482081
-3.286607
-5.795797
-8.718737
-9.420883
-8.896160
-6.625350
-5.163865
-5.611045
-6.375407
-7.360845
-5.870058
-6.091945
-7.893136
-6.796907
-7.052010
-8.229864
-7.064311
-11.838072
-7.829135
-7.537985
-9.548736
-11.818258
-8.140082
-7.221284
-6.570724
-3.649178
-2.239258
-2.051380
-2.187935
-2.987268
-3.934954
-4.363411
-1.860012
2.791653
3.683124
1.764399
2.639560
3.051492
2.701944
2.994237
3.630390
5.887128
7.634908
5.719507
6.257103
2.980592
7.318253
9.939588
2.527724
3.171494
0.533355
-2.641266
-1.132391
0.156752
0.181427
-0.174431
-1.242351
-3.052174
-3.571031
-4.338741
-4.636675
-3.818648
-1.435469
-0.410431
0.208429
0.018596
0.060964
-0.392673
0.216842
0.187562
0.539258
0.876092
2.182657
6.180705
7.507063
3.670795
0.840944
0.244589
1.369120
-0.913568
-3.498671
-3.948381
-2.360096
-3.021955
-2.561790
-3.970357
-3.402212
-3.668334
-4.271358
-5.495013
-6.383798
-6.098857
-6.885707
-6.339744
-6.601194
-11.762607
-12.818837
-10.477918
-7.772158
-7.009931
-8.175911
-4.847724
-2.204741
-2.857289
-3.631438
-5.320366
-5.520898
-3.613320
-4.315966
-4.144198
-4.432221
-5.626617
-6.253196
-6.198199
-6.255872
-5.085587
-3.351339
-3.054870
-3.069807
-5.134673
-5.183689
-8.154075
-6.267977
-6.388917
-6.010075
-5.836719
-4.406295
-3.630336
-6.606535
-7.935303
-8.254591
-5.233121
-4.512110
-2.546660
-2.810032
-3.255972
-1.588737
-2.708779
-4.359584
-6.601582
-5.326940
-1.905497
-0.618178
0.986906
2.269301
1.201197
0.749592
0.473717
2.088457
0.399647
-1.367626
-3.411685
-4.533525
-2.536010
-0.191687
1.965621
2.704030
2.609652
3.965405
5.358904
4.265489
2.223405
0.688491
-1.539570
0.702118
1.515886
3.065467
3.568666
4.517473
2.574664
2.208830
1.148630
1.591385
1.619379
2.987113
2.967050
4.925204
6.705231
8.068400
5.056263
3.327358
1.130063
0.247525
2.741177
1.700048
1.387458
1.955945
2.036637
5.183847
4.710403
2.399642
-2.755409
-2.762381
-1.174658
-1.757949
-2.845062
-1.893903
-3.812013
-2.422866
-1.075081
0.095183
0.499985
1.239967
1.778880
-1.727645
-2.838101
-3.691974
0.033415
2.978205
3.026741
4.560120
4.629048
3.627433
4.654657
0.791032
-2.915438
-3.524097
-1.147169
-0.056696
-0.526620
-2.582101
-5.729689
-3.831991
-0.753712
2.740859
4.303467
4.065117
0.681288
0.944098
1.860152
1.230295
0.751358
-0.406651
-1.352310
-2.910691
-4.738940
-5.448049
-3.527464
-0.570005
0.616352
0.747857
1.393487
2.030710
3.353476
4.232313
3.468279
0.718172
-0.238893
0.706871
0.525708
-0.297856
-1.550481
0.688472
2.842280
4.477006
2.040559
-0.844729
-2.408926
-2.426628
-2.119614
-3.415403
-0.904699
-1.289955
-2.814111
-5.050230
-5.795348
-2.034859
1.285837
1.857413
2.799735
3.794751
4.047609
4.188574
4.893909
4.014902
-0.919573
-3.555217
-3.199252
-6.649497
-3.614170
-0.567983
1.315378
0.536235
0.922427
-0.248079
-0.365479
0.501108
1.288150
2.306931
0.592334
1.063974
2.844022
4.480279
6.608209
7.656786
4.606606
2.076337
0.705809
4.200262
2.178129
2.202558
-1.824736
-3.618764
-3.138397
-0.900406
1.003558
4.679583
0.978110
2.679065
-0.726118
-1.754123
-1.144259
-0.280924
0.782003
1.336669
1.158661
0.215419
1.016805
0.529371
1.288495
0.776636
2.016267
2.322316
4.421864
5.117985
1.738094
-0.096948
-0.804246
-1.854888
-2.357640
-3.060563
-4.079080
-4.424412
-3.009480
-1.934797
-1.644838
-1.616705
-1.946027
0.684822
0.741420
-0.135765
2.626919
6.047419
3.872595
4.607425
4.461526
2.650564
-0.326758
-4.135846
-0.905662
1.484231
4.112364
3.057122
1.869606
2.002673
4.362490
0.377100
-3.788610
-0.737443
-0.551144
-0.225374
-0.115947
-0.339878
-1.271244
-1.413880
-2.604933
-3.730670
-5.199319
-3.521890
-2.058986
-0.388450
2.289918
2.292890
2.581566
3.756559
5.029450
5.166094
5.660502
3.148026
2.543000
0.288363
1.803167
0.530643
-0.367557
0.410525
-1.324597
-2.370125
-4.911513
-6.573900
-3.961368
-0.532986
0.819163
2.366642
2.811786
2.715027
3.663734
3.697380
3.241949
2.297290
1.900754
3.327342
5.225187
8.657081
8.429037
9.324923
9.154330
6.268737
3.289903
1.968473
3.086634
1.557152
1.002928
1.392744
-1.480574
1.098687
1.415437
-1.427073
-2.244993
-2.846573
-7.781091
-8.340045
-12.918623
-11.944731
-10.299729
-11.837208
-9.925607
-5.571850
-6.027574
-1.665361
0.213944
-0.641945
-0.476355
0.142611
0.863182
4.435985
3.740251
1.489985
0.577265
0.783986
-0.116333
1.064059
1.594920
0.439941
0.006970
0.664789
0.789468
0.348383
0.070467
0.677557
2.058456
3.414854
4.424882
7.417679
4.792783
0.681402
0.584761
-0.186022
-2.684270
-3.826080
-4.842831
-4.956151
-4.609223
-2.953279
-3.055716
-2.649064
-4.022337
-4.170948
-3.739957
-2.810460
-2.866893
-2.376379
-2.239369
-1.247759
-2.592363
-4.540548
-3.685682
-4.174872
-2.508429
-1.978994
-1.493386
-3.042584
-3.478956
-3.354669
-6.548933
-6.867931
-10.311158
-8.974864
-5.858568
-5.016390
-6.840083
-5.793457
-3.743619
-2.123459
-2.289265
-3.016834
-2.843925
-1.486005
-0.621276
-3.128395
-3.816394
-4.124822
-5.897617
-3.000507
-1.986756
-1.757239
-0.878998
-3.911719
-4.000773
-3.119983
-3.454516
-2.653223
-3.605358
-4.880558
-4.728654
-5.073732
-5.057260
-5.079162
-3.608486
-4.288389
-2.909013
-3.679929
-6.113475
-7.079389
-8.775370
-8.949210
-7.753654
-4.010033
-1.534668
-2.534267
-1.979362
0.398812
-1.418660
-3.181350
-3.345819
-1.715354
0.279847
-0.262395
-2.365935
-4.007736
-5.036803
-1.366011
-1.746538
-1.763968
-3.106102
-4.953782
-4.136666
-6.010472
-7.739768
-11.230428
-11.168424
-5.971260
-8.299017
-5.599406
-3.740062
-3.372220
-4.466711
-5.509419
-5.615887
-5.397046
-1.315577
-1.108227
-1.169253
0.330536
-1.243735
-2.908896
-3.812231
-0.887530
0.125811
2.318561
4.506127
3.835883
4.076948
2.908130
-3.044335
-4.097962
-0.534130
1.197144
2.280804
1.433389
0.882102
0.689039
1.323777
1.880843
3.070300
4.742980
5.345608
2.785273
0.244818
-0.810129
-0.596380
-1.333757
-1.373748
-2.899040
-3.928157
-3.091853
0.360352
1.247767
4.043340
2.711314
-0.181220
-1.634168
-2.535340
-3.844648
-5.035654
-3.871244
-1.315186
-0.614271
-0.002728
0.257732
0.533717
0.713914
1.625961
3.935057
5.665341
5.319707
2.590875
0.645865
0.783389
-0.430750
-1.504767
-3.184030
-4.661934
-5.169560
-3.334940
-1.120587
-1.059946
-0.615676
-0.080697
-0.904524
-2.002963
-3.184259
-5.005722
-6.628538
-4.312664
-2.128954
-1.470892
-0.849210
-0.110097
0.171409
0.396135
1.071920
1.628550
3.765100
6.827436
8.396388
3.430760
1.313173
-0.757398
-0.237424
-1.515455
-1.730897
-1.716029
-2.728360
-1.359710
0.453404
0.611227
1.103495
1.080219
-1.110440
-3.982357
-4.455921
-3.242454
-2.198900
-0.494312
-0.871910
-1.644441
-2.534953
-2.491642
-3.115323
-2.011588
-0.553398
5.036133
4.721180
6.717512
5.543494
5.954220
4.123654
3.848349
11.087419
10.031611
9.135295
6.618915
3.763574
0.792491
1.345889
-1.063444
-2.705288
-4.925830
-4.072955
-4.284347
-2.309989
-4.373043
-3.924459
-3.223358
-0.834721
1.434272
3.754814
3.478177
1.401697
0.487905
-0.088158
-0.652376
-2.312068
-1.248811
-3.452669
-5.444543
-6.560662
-5.485262
-2.687019
-0.917846
-1.632930
-2.306272
-2.978759
-2.600995
-1.051217
-1.647157
-3.137256
-5.980517
-5.401203
-4.702874
-1.266864
-1.308618
-1.157840
0.248023
2.345885
3.335073
4.846429
3.427928
1.400015
0.363153
0.071129
0.866474
0.664917
1.755634
4.187494
5.718027
5.546358
4.766246
4.150419
2.727599
2.999458
2.020298
2.460718
4.193058
6.557862
5.255096
3.379887
2.691809
5.166986
6.211845
5.495910
5.231802
1.954933
-0.178438
-3.939074
-3.128126
-0.134569
3.847431
2.917326
2.615336
4.634511
3.423658
4.706898
5.818900
8.113623
5.514624
3.852916
4.622277
9.358447
9.557509
9.106646
12.338352
9.615076
6.807790
5.061277
0.550642
-2.658858
-3.275246
0.677271
1.104589
1.366039
0.926616
-0.302493
-0.028293
2.625648
2.549999
1.808398
0.752152
1.328638
3.279522
3.607778
3.940919
5.065533
4.021831
2.956765
1.700608
1.890424
2.380524
3.975165
6.047499
10.557189
8.078775
5.599783
3.096330
1.653557
1.036686
0.263030
1.161402
1.092730
2.192061
3.335474
2.977776
1.432915
1.414139
0.779060
0.305290
1.201585
3.003422
3.639058
5.045125
3.613303
2.217822
1.385079
3.976958
4.144102
3.948480
3.623468
4.427224
9.237409
5.372100
2.331274
1.830524
2.103828
3.327240
5.107964
3.831897
2.703947
3.726866
4.945348
5.493351
4.440433
2.979737
3.097948
2.042980
1.036981
2.181179
3.495068
4.324464
4.577952
3.254074
1.376782
-0.007718
-0.236723
0.388566
1.910917
3.448443
4.502762
4.468063
2.408258
2.318727
0.831505
-0.286808
0.061958
0.365879
1.476192
2.833107
3.691761
4.695508
2.611345
0.533858
-0.359430
-0.656324
0.273283
0.255802
-0.511487
-1.510370
-2.090124
-0.382296
0.295885
-0.548992
1.072773
1.042055
-0.290657
-0.256031
-1.346719
-1.288979
-2.071961
4.446839
5.066555
5.416438
3.741285
5.977164
7.855398
11.948488
10.110172
11.704011
13.399188
8.728052
8.523688
7.157188
7.543191
3.426988
4.758201
3.563721
3.915016
0.452130
-0.911527
-1.222697
-0.752757
1.071312
2.509955
3.050230
4.164785
4.186197
5.071215
4.048003
4.354065
6.226320
6.461848
4.036189
6.166726
5.413517
10.720967
12.425624
14.399026
14.129268
12.183608
15.791734
18.232793
12.973696
11.362722
6.839126
8.208671
6.881165
6.850860
8.269458
4.775559
2.393648
-0.592285
-1.198764
-1.365363
-2.026094
-3.667391
-4.110355
-3.484581
-2.314184
-1.828726
-2.080036
-0.483852
-0.878905
-1.553395
-3.112558
-4.702180
-4.618855
-2.657132
-1.414037
-0.381402
0.381047
3.350914
1.776262
2.224974
2.460008
4.684640
4.066666
0.903896
1.244544
1.310228
3.117786
0.394096
-0.695598
-1.936927
-5.162701
-5.574915
-5.296001
-3.471670
-2.018868
-2.068989
0.395848
1.121021
1.290673
2.477728
4.936748
5.021888
3.596875
2.840399
1.964656
1.264618
0.298404
-0.373533
-0.539286
0.561796
1.920770
3.002000
5.083486
1.700444
-0.646145
-2.639341
-2.376537
-6.874045
-8.913685
-12.188198
-13.580067
-17.335532
-16.405020
-16.182725
-12.136432
-8.419240
-8.902852
-6.486644
-6.996958
-9.629165
-11.208449
-8.271724
-5.792994
-4.568816
-2.445799
-0.892647
-1.656361
-3.874931
-5.448326
-6.565392
-3.785006
-1.283129
-1.057471
-2.956525
-2.280761
-0.264447
1.578516
2.282821
4.135393
4.428811
0.367034
-3.618057
-4.140874
-2.765831
-0.718707
-2.427281
-3.876788
-5.648246
-5.991158
-4.318836
-1.728262
-0.465965
0.377245
0.094557
0.376418
0.116044
0.343916
0.857448
4.160108
1.954465
0.876111
-0.091951
-4.114286
-2.622304
-3.362512
-3.783788
-5.270363
-6.490220
-6.452956
-5.689168
-3.524604
-1.453110
-1.665450
-1.638460
-0.661907
0.912098
2.434565
4.464942
5.668468
2.939867
-0.866035
-2.228807
-2.718757
-2.813878
-0.262056
-1.003494
-3.644629
-4.460526
-3.819720
-1.938029
-0.851028
0.843605
-0.003767
-0.631793
-3.657337
-3.457521
-4.656210
-6.722305
-4.024043
-2.284619
-0.397997
0.671543
0.829711
1.262622
2.370178
5.645763
6.849720
5.063683
1.860729
0.190354
0.288540
-0.257345
-2.693789
-2.796968
-4.268656
-5.295683
-3.828566
-1.072254
0.797482
-1.849363
-6.215338
-5.681086
-5.367786
-4.547022
-6.301695
-10.261512
-8.420373
-7.357674
-5.906395
-6.791310
-5.590947
-6.004509
-3.341690
-5.981602
-8.130089
-6.690974
-4.879212
-3.181232
-1.492580
-3.809845
-5.291541
-6.567258
-9.788487
-6.975782
-8.000003
-6.196016
-4.393187
-1.190174
-0.851155
-1.018299
-1.133565
0.053745
-1.609289
-1.946731
-3.902481
-5.903564
-4.924541
-0.864302
3.143942
2.323619
1.979288
2.193038
2.021205
3.062461
1.864086
1.285970
1.434289
-0.946312
0.428533
1.675827
2.775835
4.369175
7.085892
5.772706
3.361363
2.572756
1.480044
0.875745
1.405967
3.322077
5.835671
5.648670
5.169937
2.811739
3.932029
2.726210
2.957554
2.937313
4.481690
5.249633
4.672971
5.357453
4.925829
2.256656
-0.008355
-1.655577
-3.454944
-2.475462
-5.274077
-5.878532
-4.926086
-4.290543
-2.532471
0.559254
1.359582
2.148114
2.405716
1.282837
-0.111509
-1.287550
-4.303899
-5.612834
-3.632767
-1.433321
-0.315658
1.247473
3.544902
6.899764
8.058448
13.249748
12.225139
10.161141
8.241325
6.133931
8.520871
6.829008
7.059415
7.914851
13.279828
13.707419
10.969845
12.940477
14.258054
7.162293
6.441728
7.850428
2.306195
1.150172
2.277118
4.200967
1.709270
0.825721
2.502560
1.725083
1.365783
1.649949
1.489885
1.524709
3.788411
5.291627
3.542619
1.917611
0.473969
-0.746364
0.182160
0.309325
0.635812
-2.492032
-4.877800
-4.366654
-2.891167
-3.010733
-1.090975
0.738323
1.036193
0.943094
0.194688
-0.852535
-1.932782
-3.077596
-5.245888
-4.513639
-1.513279
0.067441
1.907534
4.185772
2.781192
3.476165
6.356617
7.130176
4.781587
3.136839
1.393798
3.008458
7.183147
10.081719
15.685616
15.729089
9.345925
7.378912
6.271983
3.897177
5.302167
5.694196
6.428361
6.164246
5.238461
3.098567
0.871749
0.631903
0.727489
0.691297
1.901920
3.217811
4.935340
4.555449
3.246942
1.207288
-1.154887
-1.482621
-0.696322
-0.318084
-1.277080
-0.021812
2.601044
5.459167
4.092813
1.002853
-0.613383
-1.423974
-3.660601
-3.041363
-2.914498
-5.437251
-5.457794
-4.768199
-2.867280
-3.020214
-1.517293
-2.273566
-2.232079
-2.285231
-4.291018
-5.924101
-5.487991
-3.091067
-2.481914
-4.573780
-2.112269
-2.535013
-0.895091
0.372703
2.588789
2.043789
2.505302
1.442743
-0.327451
-0.833274
-1.063607
-1.947948
-2.169326
-2.955130
-3.605269
-4.818807
-3.272432
-1.156516
0.549603
3.463985
1.855248
3.191980
1.338276
-0.498127
-2.470309
-4.654135
-5.517657
-2.411325
0.464340
2.196327
1.378525
1.930649
3.280078
6.047149
7.763617
6.446115
4.538710
1.447306
1.417868
1.280521
4.182446
7.095614
6.858601
8.831307
12.460744
9.690969
3.498137
1.223988
0.407839
0.468829
1.559451
2.490495
3.261714
5.917913
6.020738
3.257056
1.681965
0.591151
1.251773
-0.887676
-1.941571
-2.950972
-4.682209
-5.181741
-4.153810
-3.991236
-1.246607
-1.728965
-2.107202
-0.434688
-1.507110
-3.427079
-3.724325
-1.670892
3.363212
4.163636
